0     1.33333333
0.0005 1.36987219698
0.001 1.39487219698
0.002 1.43059417254 
0.003 1.4620706575613298
0.004 1.4885986513247456
0.005 1.5118027471954374
0.006 1.5326192262243563
0.007 1.551606443773001
0.008 1.569129589535339
0.010 1.60073375
0.012 1.6287779147636496
0.016 1.6771338592135185
0.020 1.7181343158822213
0.024 1.7532738028940158
0.030 1.7983
0.035 1.8334909422836394
0.04 1.8692086513504078
0.048 1.9230326560781825
0.052 1.9467233779179178
0.056 1.9679916016859376
0.06 1.987329242891793
0.062 1.9964082075661644
0.063 2