1.5001218254782587 0.0
1.5284956934905707 0.00025
1.5401004217544112 0.0005
1.5489250169909818 0.00075
1.5563105485634017 0.001
1.5788273273872853 0.002
1.5957771039664586 0.003
1.60984189147902 0.004
1.6220611701415601 0.005
1.6329682758526505 0.006
1.6428800936799628 0.007
1.6520031618080662 0.008
1.6604807116149183 0.009
1.6684180879398556 0.01
1.6758933539403325 0.011
1.6829678801654868 0.012
1.7081139214149594 0.016
1.7295254074501922 0.02
1.7482738079338567 0.024
1.7649960422943711 0.028
1.780107684370083 0.032
1.7938975031926399 0.036
1.806576595743526 0.04
1.8183041405340497 0.044
1.829203792101234 0.048
1.83937424267536 0.052
1.8488953891156694 0.056
1.8578333733728418 0.06
1.8662433558182532 0.064
1.8741723538757065 0.068
1.8816601647288804 0.072
1.8887414537178713 0.076
1.8954463342582972 0.08
1.9018012089926257 0.084
1.907829410987323 0.088
1.913551664215516 0.092
1.9189864786107007 0.096
1.9241504700453238 0.1
1.9290586199705742 0.104
1.933724492875399 0.108
1.9381604256372258 0.112
1.9423771681254705 0.116
1.9463861737485102 0.12
1.9501963394487354 0.124
1.9538152605325088 0.128
1.9572533478852012 0.132
1.9605159393024558 0.136
1.963609914923541 0.14
1.9665438098407657 0.144
1.969320977778855 0.148
1.9719491530552218 0.152
1.97443162171712 0.156
1.97677511744912 0.16
1.9789829157075172 0.164
1.9810593630566433 0.168
1.983009584100681 0.172
1.984836270751384 0.176
1.9865434396377253 0.18
1.988134513083541 0.184
1.9896120661995897 0.188
1.990980895550942 0.192
1.9922422053527962 0.196
1.9933986869341804 0.2
