1.5775425202343267 0.0
1.603664138449835 0.00025
1.6143596432242908 0.0005
1.6224850719554853 0.00075
1.6292794513478381 0.001
1.6499610598340122 0.002
1.6654936790722055 0.003
1.6783578367680847 0.004
1.6895147669949497 0.005
1.6994575565312844 0.006
1.7084794828755858 0.007
1.7167713580737531 0.008
1.7244659824083381 0.009
1.7316600446467594 0.01
1.7384265152234226 0.011
1.7448222174527024 0.012
1.7508922170985843 0.013
1.75667315714185 0.014
1.7621949975075601 0.015
1.7674833268188863 0.016
1.7725597545426808 0.017
1.7774418509761691 0.018
1.782145678623539 0.019
1.7866846989798117 0.02
1.7910715736999916 0.021
1.7953164175504335 0.022
1.7994289043106297 0.023
1.803417026365819 0.024
1.8072889273884427 0.025
1.8110509370703003 0.026
1.8147093806780452 0.027
1.8182698375978417 0.028
1.8217367916815308 0.029
1.8251166254566933 0.03
1.8284115085821733 0.031
1.8316275831534103 0.032
1.83476662447789 0.033
1.837832294141092 0.034
1.8408287507714394 0.035
1.843757977018833 0.036
1.846622849701054 0.037
1.8494259135570994 0.038
1.8521696286964664 0.039
1.8548560645109329 0.04
1.8574874168318134 0.041
1.8600654298768062 0.042
1.8625922978801532 0.043
1.8650694049534673 0.044
1.8674984251483298 0.045
1.8698810574155926 0.046
1.8722186796777913 0.047
1.8745124216609756 0.048
1.876764211949732 0.049
1.8789746179868558 0.05
1.8811452960659216 0.051
1.8832770228553561 0.052
1.885371146884427 0.053
1.8874285076980617 0.054
1.8894501372787262 0.055
1.8914369624633691 0.056
1.8933898359583698 0.057
1.895309725750169 0.058
1.897197315308261 0.059
1.8990534523610387 0.06
1.9008788366455396 0.061
1.9026741169431212 0.062
1.9044403309303641 0.063
1.9061777553712966 0.064
1.9078871102919133 0.065
1.909569148940672 0.066
1.911224303059769 0.067
1.9128532352631882 0.068
1.9144564475784192 0.069
1.9160344780419516 0.07
1.9175878320431319 0.071
1.9191169910543793 0.072
1.9206220219628927 0.073
1.9221047127238817 0.074
1.9235641264514642 0.075
1.9250011024356306 0.076
1.926416212955905 0.077
1.9278097166860835 0.078
1.9291820451184047 0.079
1.930533572492269 0.08
1.9318646611383337 0.081
1.9331756593373335 0.082
1.9344669206105718 0.083
1.935738773857044 0.084
1.9369915313324197 0.085
1.9382255091876222 0.086
1.9394409672093522 0.087
1.940638351035418 0.088
1.9418178477068073 0.089
1.9429797201442685 0.09
1.9441242095902096 0.091
1.9452516622082119 0.092
1.946362264577297 0.093
1.9474562939190507 0.094
1.9485338652413084 0.095
1.9495955018212494 0.096
1.9506414651300628 0.097
1.9516717836342625 0.098
1.9526865881711954 0.099
1.9536861777277106 0.1
1.9546707459561368 0.101
1.9556402684545844 0.102
1.9565959053767177 0.103
1.957536758372104 0.104
1.9584629481222129 0.105
1.9593760171934722 0.106
1.9602748692002332 0.107
1.9611599986339892 0.108
1.9620316601031706 0.109
1.962890052652255 0.11
1.9637352526554044 0.111
1.964567470639784 0.112
1.9653868636884413 0.113
1.9661935609242727 0.114
1.9669875891725592 0.115
1.967769172690841 0.116
1.9685391413854862 0.117
1.969296033369307 0.118
1.9700417757555762 0.119
1.9707757247771878 0.12
1.971497867669621 0.121
1.9722083176710201 0.122
1.9729073633548677 0.123
1.973594945178052 0.124
1.9742712466123202 0.125
1.9749370292039146 0.126
1.975591534215451 0.127
1.976235309040382 0.128
1.976867951925473 0.129
1.9774907771675314 0.13
1.9781026599058844 0.131
1.9787040128069915 0.132
1.9792952770264323 0.133
1.9798762366345766 0.134
1.9804471080247348 0.135
1.9810083831206209 0.136
1.981559469691035 0.137
1.9821007140652607 0.138
1.9826323865598716 0.139
1.9831541768728351 0.14
1.9836668778390967 0.141
1.9841698357090147 0.142
1.984663613380818 0.143
1.9851478838426293 0.144
1.9856234485854918 0.145
1.9860893133445345 0.146
1.9865469214376317 0.147
1.9869952395963177 0.148
1.987434704299432 0.149
1.9878647722668767 0.15
1.988287293336131 0.151
1.9887006221156651 0.152
1.989105504050594 0.153
1.9895016915745498 0.154
1.9898900130349202 0.155
1.9902696829179192 0.156
1.990640540899802 0.157
1.9910042967691948 0.158
1.9913593869696866 0.159
1.9917064206660051 0.16
1.992045124178425 0.161
1.992376528136758 0.162
1.9926996989156547 0.163
1.993015084690267 0.164
1.9933229163791188 0.165
1.9936229737466924 0.166
1.9939153639897245 0.167
1.9941999572425284 0.168
1.9944772927753747 0.169
1.9947474390879543 0.17
1.995009370312693 0.171
1.9952650296781325 0.172
1.9955129108274345 0.173
1.9957535347407327 0.174
1.9959869191421493 0.175
1.996213254192452 0.176
1.996432563579392 0.177
1.9966447215211587 0.178
1.9968497252527975 0.179
1.9970482762003399 0.18
1.9972397772096726 0.181
1.9974242532791515 0.182
1.9976022094612216 0.183
1.9977732771395542 0.184
1.9979369402114577 0.185
1.9980952821266347 0.186
1.9982464039095102 0.187
1.9983911401103904 0.188
1.9985292308518925 0.189
1.9986608048068195 0.19
1.9987859452448948 0.191
1.9989047555799377 0.192
1.999016965424554 0.193
1.9991233427788182 0.194
1.9992230817819125 0.195
1.999316844126351 0.196
1.9994042862451662 0.197
1.9994855885393392 0.198
1.9995607805118838 0.199
1.999629889303631 0.2
