1.447354937107365 0.0
1.477066610676775 0.00025
1.4892370211973025 0.0005
1.4984975719840359 0.00075
1.5062515226169346 0.001
1.5299133139405021 0.002
1.5477475789398094 0.003
1.5625623801085484 0.004
1.575445717219252 0.005
1.5869557673397319 0.006
1.5974247130053176 0.007
1.6070683183119763 0.008
1.6160365418474303 0.009
1.624439158254099 0.01
1.6323586770598766 0.011
1.6398597471320284 0.012
1.6665640718020294 0.016
1.6893636423245624 0.02
1.7093794962373459 0.024
1.7272778111721439 0.028
1.7434931162637806 0.032
1.7583287463351411 0.036
1.7720040744307206 0.04
1.7846859348545812 0.044
1.7965039890688999 0.048
1.8075608307730313 0.052
1.81794136030571 0.056
1.8277135210620519 0.06
1.8369353395408186 0.064
1.845655841987797 0.068
1.8539167791498719 0.072
1.8617543581481562 0.076
1.8692000210264479 0.08
1.8762812003906957 0.084
1.8830228089426826 0.088
1.8894459729988193 0.092
1.8955701924561024 0.096
1.9014128565781883 0.1
1.9069895898364575 0.104
1.9123144884698835 0.108
1.9174006803463133 0.112
1.9222593158836032 0.116
1.9269022745299953 0.12
1.9313383895319038 0.124
1.935577100694065 0.128
1.939626766258811 0.132
1.9434947962981308 0.136
1.9471894108717613 0.14
1.9507161876894277 0.144
1.9540820572575872 0.148
1.9572923011425383 0.152
1.9603528816543947 0.156
1.9632679361330112 0.16
1.966044114228338 0.164
1.9686841877198031 0.168
1.9711923042809971 0.172
1.973574279246257 0.176
1.9758320031862326 0.18
1.9779696192781842 0.184
1.9799907590057555 0.188
1.9818983170394533 0.192
1.9836951418841604 0.196
1.9853847731297916 0.2